146
199
183
154
138
110
179
107
127
126
112
106
104
15
105
54
76
36
27
149
160
58
169
130
162
125
121
174
65
68
173
42
46
136
52
152
62
153
167
32
133
34
4
132
115
159
88
190
185
92
116
43
139
147
129
84
50
16
118
18
61
95
3
55
7
31
141
145
44
175
156
114
120
188
79
91
19
59
64
63
195
111
197
171
17
87
193
101
102
158
181
40
96
49
187
13
164
144
165
93
123
151
10
71
6
157
28
194
108
117
177
53
9
198
140
166
170
122
143
142
98
29
67
176
75
192
189
48
30
128
150
81
124
99
161
180
100
11
168
131
14
184
134
109
80
20
172
119
60
83
90
94
82
56
41
74
8
1
25
85
38
2
69
33
72
26
57
37
186
137
35
135
22
45
23
103
86
70
182
51
77
191
163
78
47
97
24
21
66
196
39
73
12
148
5
178
113
155
18
200